TT	PID	AT	CT	IO_D	WT	RT	TRT
5	1	3	22	0	-20	0	2
5	3	4	19	0	-18	0	1
7	2	3	47	0	-43	0	4
11	7	7	21	0	-17	0	4
12	9	8	31	0	-27	4	4
13	13	11	15	0	-13	0	2
81	18	14	20	3	47	52	67
82	5	5	42	6	35	45	77
84	10	10	23	2	51	57	74
91	11	11	25	8	55	74	80
113	22	21	39	6	53	64	92
113	33	104	9	0	0	0	9
113	31	103	10	0	0	0	10
128	24	22	22	3	84	91	106
137	34	104	19	0	14	15	33
137	40	120	17	0	0	0	17
137	39	119	18	0	0	0	18
141	27	25	32	4	84	94	116
144	32	103	20	0	21	22	41
144	42	126	18	0	0	0	18
144	41	125	19	0	0	0	19
156	35	109	19	0	28	29	47
156	44	139	17	0	0	0	17
156	43	138	18	0	0	0	18
162	36	110	18	0	34	35	52
162	46	146	16	0	0	0	16
162	45	145	17	0	0	0	17
172	4	4	34	12	134	157	168
174	6	5	28	9	141	168	169
176	15	12	48	6	116	130	164
182	38	115	26	0	41	42	67
189	37	114	27	0	48	49	75
192	12	11	40	11	141	179	181
204	16	13	30	7	161	190	191
207	20	20	43	12	144	173	187
212	30	39	50	6	123	138	173
215	23	22	26	6	167	186	193
218	19	15	27	9	176	194	203
234	28	25	44	9	165	198	209
237	14	12	35	10	190	223	225
241	8	7	51	14	183	228	234
242	17	13	45	10	184	210	229
242	21	21	36	12	185	217	221
253	26	25	37	9	191	218	228
259	25	25	29	10	205	229	234
259	29	29	33	11	197	221	230

Processes: 46
Avg WT = 70,	Avg RT = 85,	Avg TT = 150
Migration %: RTF = 6.52174%,	MaxW = 2.17391%
Work Steal %: 0%
Forked Process: 34%
Killed Process: 34%

Processors: 5 [2 FCFS, 2 SJF, 1 RR]
Processors Load:
p1=5%,  p2=4%,  p3=3%,  p4=4%,  p5=1%,  
Processors Utiliz:
p1=97%,  p2=94%,  p3=72%,  p4=74%,  p5=39%,  
Avg Utilization = 75%
