TT	PID	AT	CT	IO_D	WT	RT	TRT
5	1	3	22	0	-20	0	2
5	3	4	19	0	-18	0	1
7	2	3	47	0	-43	0	4
11	7	7	21	0	-17	0	4
12	9	8	31	0	-27	4	4
13	13	11	15	0	-13	0	2
71	18	14	20	3	37	42	57
89	10	10	23	2	56	62	79
91	32	38	35	0	18	19	53
91	42	58	33	0	0	0	33
91	41	57	34	0	0	0	34
96	31	37	36	0	23	24	59
96	44	62	34	0	0	0	34
96	43	61	35	0	0	0	35
96	11	11	25	8	60	79	85
112	33	38	21	0	53	54	74
116	34	39	20	0	57	58	77
129	24	22	22	3	85	92	107
142	36	43	30	0	69	70	99
142	27	25	32	4	85	95	117
147	35	42	31	0	74	75	105
147	6	5	28	9	114	138	142
153	4	4	34	12	115	138	149
180	22	21	39	6	120	157	159
185	37	44	43	0	98	99	141
186	5	5	42	6	139	149	181
189	38	45	42	0	102	103	144
197	16	13	30	7	154	153	184
205	40	52	20	0	133	134	153
208	20	20	43	12	145	174	188
210	39	51	21	0	138	139	159
217	19	15	27	9	175	193	202
217	48	214	3	0	0	0	3
217	46	213	4	0	0	0	4
227	28	25	44	9	158	191	202
228	15	12	48	6	168	182	216
229	23	22	26	6	181	206	207
232	47	214	15	0	3	4	18
232	50	219	13	0	0	0	13
232	49	218	14	0	0	0	14
234	21	21	36	12	177	209	213
235	45	213	16	0	6	7	22
235	52	221	14	0	0	0	14
235	51	220	15	0	0	0	15
240	54	237	4	0	-1	0	3
240	56	238	2	0	0	0	2
240	55	237	3	0	0	0	3
240	12	11	40	11	189	218	229
241	25	25	29	10	187	211	216
241	53	236	5	0	0	0	5
247	8	7	51	14	189	234	240
251	29	29	33	11	189	213	222
254	17	13	45	10	196	222	241
264	14	12	35	-858993450	217	252	252
264	14	12	35	-858993450	217	252	252
280	26	25	37	9	218	254	255

Processes: 56
Avg WT = 75,	Avg RT = 87,	Avg TT = 169
Migration %: RTF = 10.7143%,	MaxW = 8.92857%
Work Steal %: 0%
Forked Process: 46%
Killed Process: 33%

Processors: 5 [2 FCFS, 2 SJF, 1 RR]
Processors Load:
p1=3%,  p2=3%,  p3=3%,  p4=3%,  p5=3%,  
Processors Utiliz:
p1=87%,  p2=81%,  p3=87%,  p4=86%,  p5=91%,  
Avg Utilization = 86%
