TT	PID	AT	CT	IO_D	WT	RT	TRT
5	1	3	22	0	-20	0	2
5	3	4	19	0	-18	0	1
7	2	3	47	0	-43	0	4
11	7	7	21	0	-17	0	4
12	9	8	31	0	-27	4	4
13	13	11	15	0	-13	0	2
81	18	14	20	3	47	52	67
82	5	5	42	6	35	45	77
84	10	10	23	2	51	57	74
84	38	68	16	0	0	0	16
84	37	67	17	0	0	0	17
86	32	57	15	0	14	15	29
100	31	56	16	0	28	29	44
106	11	11	25	8	70	95	95
126	33	57	40	0	29	30	69
136	35	61	10	0	65	66	75
139	34	58	39	0	42	43	81
139	27	25	32	4	82	92	114
145	36	62	9	0	74	75	83
155	4	4	34	12	117	140	151
158	6	5	28	9	125	149	153
174	15	12	48	6	114	128	162
175	16	13	30	7	132	152	162
176	22	21	39	6	116	154	155
191	30	39	50	6	102	117	152
195	24	22	22	3	151	173	173
199	12	11	40	11	148	177	188
209	19	15	27	9	167	185	194
214	23	22	26	6	166	185	192
223	26	25	37	9	161	188	198
223	42	219	4	0	0	0	4
223	40	218	5	0	0	0	5
226	28	25	44	9	157	190	201
226	44	225	5	0	-4	0	1
226	43	224	6	0	-4	0	2
226	39	218	8	0	0	0	8
230	41	219	7	0	4	5	11
238	29	29	33	11	176	200	209
238	46	230	8	0	0	1	8
238	48	232	6	0	0	0	6
238	47	231	7	0	0	0	7
238	45	229	9	0	0	0	9
239	17	13	45	10	181	207	226
242	14	12	35	10	195	228	230
244	21	21	36	12	187	219	223
251	25	25	29	10	197	221	226
251	20	20	43	12	188	217	231
261	8	7	51	14	203	253	254

Processes: 48
Avg WT = 70,	Avg RT = 85,	Avg TT = 161
Migration %: RTF = 8.33333%,	MaxW = 8.33333%
Work Steal %: 0%
Forked Process: 37%
Killed Process: 33%

Processors: 5 [2 FCFS, 2 SJF, 1 RR]
Processors Load:
p1=4%,  p2=4%,  p3=4%,  p4=3%,  p5=3%,  
Processors Utiliz:
p1=89%,  p2=82%,  p3=76%,  p4=63%,  p5=76%,  
Avg Utilization = 77%
